Free RAM: 477
Setting up SD card...
Setting up the Ethernet card...
Web server starting...
Ready to accept HTTP requests.
New request: POST /testget HTTP/1.1
Host: 192.168.1.9
User-Agent: Mozilla/5.0 (Macintosh; Intel Mac OS X 10.7; rv:9.0.1) Gecko/20100101 Firefox/9.0.1
Accept: */*
Accept-Language: en-us,en;q=0.5
Accept-Encoding: gzip, deflate
Accept-Charset: ISO-8859-1,utf-8;q=0.7,*;q=0.7
Connection: keep-alive
Content-Type: application/x-www-form-urlencoded; charset=UTF-8
Content-Length: 86
Origin: null
Pragma: no-cache
Cache-Control: no-cache

Returning 404
New request: POST /testget HTTP/1.1
Host: 192.168.1.9
User-Agent: Mozilla/5.0 (Macintosh; Intel Mac OS X 10.7; rv:9.0.1) Gecko/20100101 Firefox/9.0.1
Accept: */*
Accept-Language: en-us,en;q=0.5
Accept-Encoding: gzip, deflate
Accept-Charset: ISO-8859-1,utf-8;q=0.7,*;q=0.7
Connection: keep-alive
Content-Type: application/x-www-form-urlencoded; charset=UTF-8
Content-Length: 86
Origin: null
Pragma: no-cache
Cache-Control: no-cache

Free RAM: 104
1,2,3
Free RAM: 104
1,2,3
Free RAM: 104
1,2,3
Free RAM: 104
1,2,3
Free RAM: 104
1,2,3
Free RAM: 104
1,2,3,4
Free RAM: 104
1,2,3,4
Free RAM: 104
1,2,3,4,5
Free RAM: 104
1,2,3,4,5
Free RAM: 104
1,2,3,4,5,6
Free RAM: 104
1,2,3,4,5,6
Free RAM: 104
1,2,3,4,5,6;0
Free RAM: 104
1,2,3,4,5,6;0
Free RAM: 104
1,2,3,4,5,6;0,1
Free RAM: 104
1,2,3,4,5,6;0,1
Free RAM: 104
1,2,3,4,5,6;0,1,0
Free RAM: 104
1,2,3,4,5,6;0,1,0
Free RAM: 104
1,2,3,4,5,6;0,1,0,1
Free RAM: 104
1,2,3,4,5,6;0,1,0,1
Free RAM: 104
1,2,3,4,5,6;0,1,0,1,0
Free RAM: 104
1,2,3,4,5,6;0,1,0,1,0
Free RAM: 104
1,2,3,4,5,6;0,1,0,1,0,1
Free RAM: 104
1,2,3,4,5,6;0,1,0,1,0,1
Free RAM: 104
1,2,3,4,5,6;0,1,0,1,0,1;0
Free RAM: 104
1,2,3,4,5,6;0,1,0,1,0,1;0
Free RAM: 104
1,2,3,4,5,6;0,1,0,1,0,1;0,1
Free RAM: 104
1,2,3,4,5,6;0,1,0,1,0,1;0,1
Free RAM: 104
1,2,3,4,5,6;0,1,0,1,0,1;0,1,10
Free RAM: 104
1,2,3,4,5,6;0,1,0,1,0,1;0,1,10
Free RAM: 104
1,2,3,4,5,6;0,1,0,1,0,1;0,1,10
Free RAM: 104
1,2,3,4,5,6;0,1,0,1,0,1;0,1,10,100
Free RAM: 104
1,2,3,4,5,6;0,1,0,1,0,1;0,1,10,100
Free RAM: 104
1,2,3,4,5,6;0,1,0,1,0,1;0,1,10,100
Free RAM: 104
1,2,3,4,5,6;0,1,0,1,0,1;0,1,10,100
Free RAM: 104
1,2,3,4,5,6;0,1,0,1,0,1;0,1,10,100,500
Free RAM: 104
1,2,3,4,5,6;0,1,0,1,0,1;0,1,10,100,500
Free RAM: 104
1,2,3,4,5,6;0,1,0,1,0,1;0,1,10,100,500
Free RAM: 104
1,2,3,4,5,6;0,1,0,1,0,1;0,1,10,100,500
Free RAM: 104
1,2,3,4,5,6;0,1,0,1,0,1;0,1,10,100,500,900
Free RAM: 104
1,2,3,4,5,6;0,1,0,1,0,1;0,1,10,100,500,900
Free RAM: 104
1,2,3,4,5,6;0,1,0,1,0,1;0,1,10,100,500,900
Free RAM: 104
1,2,3,4,5,6;0,1,0,1,0,1;0,1,10,100,500,900
Free RAM: 104
1,2,3,4,5,6;0,1,0,1,0,1;0,1,10,100,500,900;1
Free RAM: 104
1,2,3,4,5,6;0,1,0,1,0,1;0,1,10,100,500,900;1
Free RAM: 104
1,2,3,4,5,6;0,1,0,1,0,1;0,1,10,100,500,900;1,2
Free RAM: 104
1,2,3,4,5,6;0,1,0,1,0,1;0,1,10,100,500,900;1,2
Free RAM: 104
1,2,3,4,5,6;0,1,0,1,0,1;0,1,10,100,500,900;1,2,3
Free RAM: 104
1,2,3,4,5,6;0,1,0,1,0,1;0,1,10,100,500,900;1,2,3
Free RAM: 104
1,2,3,4,5,6;0,1,0,1,0,1;0,1,10,100,500,900;1,2,3,4
Free RAM: 104
1,2,3,4,5,6;0,1,0,1,0,1;0,1,10,100,500,900;1,2,3,4
Free RAM: 104
1,2,3,4,5,6;0,1,0,1,0,1;0,1,10,100,500,900;1,2,3,4,5
Free RAM: 104
1,2,3,4,5,6;0,1,0,1,0,1;0,1,10,100,500,900;1,2,3,4,5
Free RAM: 104
1,2,3,4,5,6;0,1,0,1,0,1;0,1,10,100,500,900;1,2,3,4,5,6
Free RAM: 104
1,2,3,4,5,6;0,1,0,1,0,1;0,1,10,100,500,900;1,2,3,4,5,6
Free RAM: 104
1,2,3,4,5,6;0,1,0,1,0,1;0,1,10,100,500,900;1,2,3,4,5,6;0
Free RAM: 104
1,2,3,4,5,6;0,1,0,1,0,1;0,1,10,100,500,900;1,2,3,4,5,6;0
Free RAM: 104
1,2,3,4,5,6;0,1,0,1,0,1;0,1,10,100,500,900;1,2,3,4,5,6;0,1
Free RAM: 104
1,2,3,4,5,6;0,1,0,1,0,1;0,1,10,100,500,900;1,2,3,4,5,6;0,1
Free RAM: 104
1,2,3,4,5,6;0,1,0,1,0,1;0,1,10,100,500,900;1,2,3,4,5,6;0,1,0
Free RAM: 104
1,2,3,4,5,6;0,1,0,1,0,1;0,1,10,100,500,900;1,2,3,4,5,6;0,1,0
Free RAM: 104
1,2,3,4,5,6;0,1,0,1,0,1;0,1,10,100,500,900;1,2,3,4,5,6;0,1,0,1
Free RAM: 104
1,2,3,4,5,6;0,1,0,1,0,1;0,1,10,100,500,900;1,2,3,4,5,6;0,1,0,1
Free RAM: 104
1,2,3,4,5,6;0,1,0,1,0,1;0,1,10,100,500,900;1,2,3,4,5,6;0,1,0,1,0
Free RAM: 104
1,2,3,4,5,6;0,1,0,1,0,1;0,1,10,100,500,900;1,2,3,4,5,6;0,1,0,1,0
Free RAM: 104
1,2,3,4,5,6;0,1,0,1,0,1;0,1,10,100,500,900;1,2,3,4,5,6;0,1,0,1,0,1
Free RAM: 104
1,2,3,4,5,6;0,1,0,1,0,1;0,1,10,100,500,900;1,2,3,4,5,6;0,1,0,1,0,1
Free RAM: 104
1,2,3,4,5,6;0,1,0,1,0,1;0,1,10,100,500,900;1,2,3,4,5,6;0,1,0,1,0,1;0
Free RAM: 104
1,2,3,4,5,6;0,1,0,1,0,1;0,1,10,100,500,900;1,2,3,4,5,6;0,1,0,1,0,1;0
Free RAM: 104
1,2,3,4,5,6;0,1,0,1,0,1;0,1,10,100,500,900;1,2,3,4,5,6;0,1,0,1,0,1;0,1
Free RAM: 104
1,2,3,4,5,6;0,1,0,1,0,1;0,1,10,100,500,900;1,2,3,4,5,6;0,1,0,1,0,1;0,1
Free RAM: 104
1,2,3,4,5,6;0,1,0,1,0,1;0,1,10,100,500,900;1,2,3,4,5,6;0,1,0,1,0,1;0,1,10
Free RAM: 104
1,2,3,4,5,6;0,1,0,1,0,1;0,1,10,100,500,900;1,2,3,4,5,6;0,1,0,1,0,1;0,1,10
Free RAM: 104
1,2,3,4,5,6;0,1,0,1,0,1;0,1,10,100,500,900;1,2,3,4,5,6;0,1,0,1,0,1;0,1,10
Free RAM: 104
1,2,3,4,5,6;0,1,0,1,0,1;0,1,10,100,500,900;1,2,3,4,5,6;0,1,0,1,0,1;0,1,10,100
Free RAM: 104
1,2,3,4,5,6;0,1,0,1,0,1;0,1,10,100,500,900;1,2,3,4,5,6;0,1,0,1,0,1;0,1,10,100
Free RAM: 104
1,2,3,4,5,6;0,1,0,1,0,1;0,1,10,100,500,900;1,2,3,4,5,6;0,1,0,1,0,1;0,1,10,100
Free RAM: 104
1,2,3,4,5,6;0,1,0,1,0,1;0,1,10,100,500,900;1,2,3,4,5,6;0,1,0,1,0,1;0,1,10,100
Free RAM: 104
1,2,3,4,5,6;0,1,0,1,0,1;0,1,10,100,500,900;1,2,3,4,5,6;0,1,0,1,0,1;0,1,10,100,500
Free RAM: 104
1,2,3,4,5,6;0,1,0,1,0,1;0,1,10,100,500,900;1,2,3,4,5,6;0,1,0,1,0,1;0,1,10,100,500
Free RAM: 104
1,2,3,4,5,6;0,1,0,1,0,1;0,1,10,100,500,900;1,2,3,4,5,6;0,1,0,1,0,1;0,1,10,100,500
Free RAM: 104
1,2,3,4,5,6;0,1,0,1,0,1;0,1,10,100,500,900;1,2,3,4,5,6;0,1,0,1,0,1;0,1,10,100,500
Free RAM: 104
1,2,3,4,5,6;0,1,0,1,0,1;0,1,10,100,500,900;1,2,3,4,5,6;0,1,0,1,0,1;0,1,10,100,500,900
Free RAM: 104
1,2,3,4,5,6;0,1,0,1,0,1;0,1,10,100,500,900;1,2,3,4,5,6;0,1,0,1,0,1;0,1,10,100,500,900
Free RAM: 104
1,2,3,4,5,6;0,1,0,1,0,1;0,1,10,100,500,900;1,2,3,4,5,6;0,1,0,1,0,1;0,1,10,100,500,900
Free RAM: 104
1,2,3,4,5,6;0,1,0,1,0,1;0,1,10,100,500,900;1,2,3,4,5,6;0,1,0,1,0,1;0,1,10,100,500,900
Free RAM: 104
1,2,3,4,5,6;0,1,0,1,0,1;0,1,10,100,500,900;1,2,3,4,5,6;0,1,0,1,0,1;0,1,10,100,500,900;oo]ù§»_z{nJõN¿L4ã]üTpwz;±:í<ýîéwãSwôóÞoÜÔÜ.ñgße|?\ë½ýOX4*09µ
And the numbers are...
Input array: 123456 
Input on/off: 010101 
On delay: 0110100500900 
Output array: 123456 
Output on/off: 010101 
Duration: 0110100500900 